2 0.619658 0.171795 0.164103 0.239316
2 0.421795 0.212393 0.149573 0.147863
2 0.293162 0.156410 0.136752 0.087179
2 0.176068 0.300427 0.105983 0.163248
2 0.313248 0.327350 0.166667 0.271795
2 0.467521 0.366239 0.155556 0.224786
2 0.627778 0.407265 0.185470 0.247009
2 0.791026 0.361111 0.144444 0.182051
2 0.681197 0.305556 0.056410 0.069231
2 0.552564 0.292308 0.050427 0.047863
2 0.167094 0.525641 0.159829 0.252991
2 0.298291 0.702564 0.162393 0.169231
2 0.382479 0.580769 0.168376 0.240171
2 0.462821 0.744017 0.152991 0.122222
2 0.610256 0.655128 0.194872 0.245299
2 0.524359 0.562821 0.115385 0.192308
2 0.768803 0.547436 0.149573 0.212821