2 0.116502 0.272163 0.123355 0.203931
1 0.937774 0.135559 0.094846 0.168804
1 0.118421 0.473655 0.108553 0.177586
1 0.414748 0.956162 0.102522 0.075132
1 0.501919 0.747352 0.077303 0.135629
1 0.613213 0.758573 0.099232 0.195149
1 0.708333 0.684416 0.055921 0.128799
1 0.408443 0.844926 0.088816 0.137580
1 0.584978 0.483412 0.109649 0.189295
0 0.438322 0.581475 0.099232 0.166853
1 0.316064 0.635141 0.100329 0.178562
1 0.206963 0.733691 0.100329 0.166853
1 0.306195 0.974910 0.072917 0.050180
1 0.674890 0.420477 0.057018 0.075132