0 0.109162 0.255983 0.041141 0.053846
0 0.083146 0.310684 0.042351 0.055556
0 0.159983 0.368376 0.033881 0.049573
0 0.366595 0.285043 0.045376 0.065812
0 0.323639 0.275214 0.033276 0.054701
0 0.340882 0.194872 0.049611 0.071795
0 0.356914 0.461538 0.041746 0.059829
0 0.467329 0.429915 0.060501 0.088889
0 0.519360 0.412393 0.045981 0.076068
0 0.481850 0.525214 0.061711 0.069231
0 0.526016 0.576923 0.058081 0.076923
0 0.205661 0.146154 0.024806 0.034188
0 0.248012 0.091453 0.026016 0.039316
0 0.395938 0.044444 0.042351 0.068376
0 0.532066 0.163248 0.045981 0.073504
0 0.562921 0.274359 0.041141 0.063248
0 0.463699 0.245726 0.024201 0.038462
0 0.465514 0.212393 0.024201 0.024786
0 0.456742 0.161538 0.019965 0.030769
0 0.667286 0.094872 0.044166 0.059829
0 0.845765 0.105556 0.040536 0.060684
0 0.615557 0.322222 0.039931 0.056410
0 0.641271 0.470085 0.051426 0.068376
0 0.677874 0.400427 0.045981 0.076068
0 0.800994 0.372222 0.021175 0.023077
0 0.868755 0.468803 0.057476 0.082906
0 0.811582 0.586325 0.048401 0.071795
0 0.880251 0.637179 0.057476 0.082906
0 0.853630 0.759402 0.059896 0.086325