0 0.056079 0.582051 0.054033 0.075214
0 0.132578 0.390598 0.044364 0.068376
0 0.074564 0.374359 0.039814 0.068376
0 0.033613 0.282479 0.046639 0.067521
0 0.035035 0.176496 0.035832 0.052137
0 0.072005 0.155556 0.031282 0.051282
0 0.085086 0.091026 0.040382 0.052137
0 0.167841 0.175641 0.045501 0.069231
0 0.157604 0.251282 0.054601 0.070085
0 0.199692 0.347863 0.053464 0.064957
0 0.151632 0.567521 0.056308 0.063248
0 0.253156 0.677778 0.055739 0.071795
0 0.232681 0.518803 0.043226 0.064957
0 0.207939 0.598718 0.042657 0.052137
0 0.223296 0.428632 0.052895 0.067521
0 0.229268 0.222650 0.052326 0.082906
0 0.276476 0.198718 0.040951 0.067521
0 0.310601 0.244017 0.045501 0.081197
0 0.279888 0.338889 0.052326 0.079487
0 0.340462 0.455556 0.051758 0.076923
0 0.340177 0.126068 0.043226 0.060684
0 0.357240 0.235897 0.042089 0.080342
0 0.350699 0.028205 0.057445 0.051282
0 0.525594 0.751709 0.046639 0.060684
0 0.585030 0.692735 0.044932 0.081197
0 0.646741 0.743590 0.034126 0.058120
0 0.501706 0.141453 0.053464 0.082906
0 0.454214 0.271368 0.058583 0.081197
0 0.476112 0.384615 0.054601 0.068376
0 0.467296 0.509402 0.048345 0.070085
0 0.858606 0.783761 0.055170 0.075214
0 0.976056 0.688462 0.040951 0.074359
0 0.901548 0.673504 0.048914 0.061538
0 0.849506 0.683761 0.036970 0.073504
0 0.664089 0.574786 0.054033 0.062393
0 0.615459 0.514530 0.047776 0.063248
0 0.607781 0.387179 0.039245 0.051282
0 0.614322 0.268803 0.045501 0.055556
0 0.615459 0.116239 0.062564 0.087179
0 0.905814 0.111966 0.047207 0.073504
0 0.869128 0.158120 0.034126 0.061538
0 0.899273 0.209402 0.050051 0.078632
0 0.846093 0.278632 0.057445 0.078632
0 0.817939 0.429487 0.046639 0.088034
0 0.788364 0.553419 0.036401 0.074359
0 0.823058 0.593162 0.051189 0.073504
0 0.931977 0.572650 0.038107 0.063248
0 0.972075 0.570940 0.036401 0.080342
0 0.945058 0.634615 0.042657 0.058974
0 0.989166 0.129487 0.021668 0.076068
0 0.980322 0.278632 0.034695 0.066667
0 0.867422 0.465385 0.037538 0.067521
0 0.819646 0.096154 0.056876 0.064103
0 0.797179 0.160256 0.068821 0.072650
0 0.703902 0.086325 0.052895 0.059829
0 0.958140 0.030769 0.038107 0.061538
0 0.921455 0.029487 0.040951 0.058974