0 0.155556 0.505405 0.177778 0.221622
0 0.192593 0.310811 0.133333 0.156757
0 0.338889 0.337838 0.166667 0.254054
0 0.453704 0.527027 0.181481 0.264865
0 0.624074 0.386486 0.196296 0.275676
0 0.829630 0.259459 0.192593 0.270270
0 0.794444 0.521622 0.137037 0.210811
0 0.094444 0.767568 0.077778 0.086486
0 0.227778 0.740541 0.129630 0.172973
0 0.620370 0.656757 0.181481 0.254054
0 0.950000 0.162162 0.100000 0.259459
0 0.344444 0.681081 0.118519 0.140541
0 0.505556 0.664865 0.144444 0.172973
0 0.018519 0.256757 0.029630 0.059459
