1 0.058262 0.887607 0.116523 0.178632
1 0.091321 0.652137 0.102170 0.140171
1 0.094387 0.465812 0.128734 0.153846
1 0.192129 0.091026 0.111705 0.147863
1 0.322906 0.492735 0.117155 0.164957
1 0.282719 0.940171 0.106256 0.114530
1 0.372969 0.741880 0.113749 0.136752
1 0.436995 0.587607 0.127371 0.166667
2 0.617155 0.935897 0.141675 0.128205
2 0.115161 0.225214 0.113068 0.101709
2 0.057606 0.317094 0.096039 0.109402
2 0.535078 0.367521 0.121922 0.124786
1 0.759511 0.798291 0.125328 0.148718
1 0.624988 0.475641 0.142356 0.175214
1 0.711832 0.618376 0.137588 0.151282
1 0.832051 0.504274 0.130096 0.158974
1 0.423373 0.287607 0.111024 0.101709
1 0.541549 0.220940 0.117155 0.135897
1 0.693441 0.250855 0.119879 0.139316
1 0.699231 0.065385 0.138270 0.103419
1 0.283400 0.054701 0.054490 0.064957
1 0.417243 0.022650 0.117836 0.045299