1 0.126606 0.132479 0.055170 0.095726
1 0.198270 0.081624 0.072233 0.074359
1 0.185758 0.167094 0.064270 0.086325
1 0.141110 0.294017 0.046639 0.090598
1 0.187464 0.289316 0.042657 0.086325
1 0.212490 0.363675 0.060858 0.098291
1 0.566555 0.777350 0.083893 0.097493
1 0.520476 0.038889 0.083040 0.077778
1 0.432317 0.175641 0.073939 0.125641
1 0.519907 0.184188 0.095552 0.134188
1 0.430611 0.297436 0.072802 0.094017
1 0.438289 0.473932 0.069958 0.110256
1 0.496587 0.318376 0.045501 0.076068
1 0.568536 0.393162 0.075646 0.099145
1 0.537538 0.512393 0.083040 0.127350
1 0.558867 0.666667 0.065408 0.097436
1 0.640200 0.720513 0.066545 0.114530
1 0.589296 0.637607 0.062564 0.105983
1 0.659538 0.179060 0.047207 0.077778