1 0.107730 0.232730 0.089364 0.125183
1 0.180647 0.548885 0.102522 0.167215
1 0.259320 0.658991 0.109649 0.191886
1 0.412007 0.266082 0.080592 0.131579
1 0.446546 0.354258 0.074013 0.150768
1 0.504386 0.373447 0.065789 0.139803
1 0.680921 0.574013 0.109649 0.180921
1 0.728893 0.669042 0.072917 0.144371
1 0.783717 0.555281 0.091557 0.165387
1 0.841557 0.717014 0.081140 0.174525
1 0.714090 0.235471 0.041118 0.050256
1 0.839090 0.266539 0.024671 0.044773
1 0.822368 0.213999 0.032895 0.073099
1 0.945175 0.457054 0.040570 0.082237
1 0.852522 0.425987 0.051535 0.067617