0 0.344444 0.116216 0.118519 0.081081
0 0.177778 0.367568 0.125926 0.086486
0 0.398148 0.210811 0.129630 0.086486
0 0.372222 0.308108 0.077778 0.075676
0 0.485185 0.337838 0.133333 0.102703
0 0.640741 0.235135 0.133333 0.102703
0 0.585185 0.456757 0.133333 0.102703
0 0.270370 0.451351 0.118519 0.113514
0 0.261111 0.548649 0.129630 0.070270
0 0.377778 0.708108 0.088889 0.097297
0 0.451852 0.724324 0.140741 0.118919
0 0.585185 0.727027 0.140741 0.124324
0 0.811111 0.551351 0.140741 0.086486
0 0.820370 0.670270 0.129630 0.086486
