2 0.492606 0.611111 0.164942 0.264957
2 0.639916 0.504701 0.151291 0.241880
2 0.647026 0.726496 0.134797 0.203419
2 0.722956 0.844017 0.122853 0.238462
2 0.436867 0.403419 0.156979 0.200000
2 0.192014 0.761966 0.104084 0.141026
2 0.198555 0.904274 0.095552 0.104274
2 0.060345 0.685470 0.100103 0.121368
2 0.770732 0.029060 0.065977 0.058120
2 0.865147 0.057692 0.073939 0.113675
2 0.952168 0.071795 0.056876 0.128205
2 0.767604 0.120085 0.097259 0.129060
2 0.847231 0.365385 0.092709 0.163248
2 0.965249 0.381624 0.067114 0.152991