2 0.113248 0.032051 0.129060 0.064102
2 0.222650 0.087179 0.137607 0.162393
2 0.405556 0.041453 0.122222 0.082906
2 0.443162 0.092735 0.108547 0.122222
2 0.333333 0.109402 0.088889 0.105983
2 0.155983 0.228205 0.163248 0.177778
2 0.315812 0.232479 0.144444 0.148718
2 0.400855 0.264530 0.087179 0.100000
2 0.433333 0.223077 0.094017 0.102564
2 0.113675 0.346581 0.147009 0.149573
2 0.252137 0.352991 0.157265 0.188034
2 0.395726 0.380342 0.153846 0.162393
2 0.106838 0.453846 0.177778 0.078632
2 0.290171 0.466667 0.123932 0.064957
2 0.368803 0.477350 0.088034 0.045299
0 0.664103 0.023077 0.155556 0.046154
0 0.805128 0.062393 0.165812 0.124786
0 0.667521 0.123504 0.191453 0.137607
0 0.667094 0.271795 0.156410 0.136752
0 0.833333 0.248291 0.152137 0.163248
0 0.926496 0.270085 0.100855 0.141880
0 0.673077 0.420085 0.183761 0.139316
0 0.847436 0.416667 0.152991 0.151282
2 0.873504 0.520513 0.099145 0.044444
2 0.964530 0.526496 0.070940 0.034188
2 0.911111 0.598291 0.087179 0.092308
2 0.811111 0.617521 0.126496 0.134188
2 0.935043 0.720513 0.102564 0.131624
2 0.729915 0.665385 0.087179 0.098291
2 0.701282 0.947436 0.067521 0.091453
2 0.929915 0.957692 0.090598 0.081197
2 0.931197 0.852564 0.069231 0.093162
1 0.803846 0.755556 0.103419 0.117949
1 0.745299 0.878205 0.100855 0.130769
1 0.867094 0.883761 0.115385 0.135043
1 0.388034 0.568803 0.105983 0.113675
1 0.464103 0.651282 0.129915 0.121368
1 0.570940 0.692735 0.111111 0.125641
1 0.409829 0.777350 0.115385 0.120513
1 0.531197 0.819231 0.125641 0.125641
1 0.624359 0.798718 0.084615 0.115385
1 0.468376 0.929060 0.117949 0.123077
1 0.584188 0.938034 0.105128 0.120513
1 0.052564 0.806838 0.096581 0.119658
1 0.246154 0.643162 0.155556 0.111966
1 0.079915 0.642308 0.147863 0.152991
1 0.187607 0.774359 0.178632 0.147009
0 0.161111 0.920085 0.173504 0.122222
0 0.032906 0.913248 0.064103 0.086325