0 0.287037 0.867568 0.137037 0.200000
0 0.822222 0.800000 0.103704 0.151351
0 0.664815 0.375676 0.122222 0.156757
0 0.077778 0.283784 0.140741 0.221622
0 0.320370 0.124324 0.122222 0.194595
0 0.429630 0.505405 0.088889 0.135135
0 0.661111 0.583784 0.048148 0.075676
0 0.803704 0.372973 0.066667 0.097297
0 0.694444 0.094595 0.092593 0.124324
0 0.183333 0.375676 0.085185 0.102703
0 0.035185 0.459459 0.040741 0.086486
0 0.477778 0.567568 0.066667 0.064865
0 0.914815 0.810811 0.088889 0.118919
0 0.879630 0.529730 0.077778 0.097297
0 0.900000 0.227027 0.051852 0.043243
