0 0.166667 0.286486 0.103704 0.129730
0 0.172222 0.416216 0.092593 0.118919
0 0.344444 0.524324 0.088889 0.118919
0 0.253704 0.589189 0.085185 0.108108
0 0.225926 0.813514 0.059259 0.070270
0 0.568519 0.948649 0.048148 0.059459
0 0.598148 0.597297 0.092593 0.102703
0 0.881481 0.200000 0.081481 0.097297
0 0.925926 0.029730 0.088889 0.048649
0 0.729630 0.056757 0.074074 0.081081
0 0.575926 0.427027 0.092593 0.108108
0 0.450000 0.489189 0.085185 0.102703
0 0.444444 0.378378 0.029630 0.054054
0 0.485185 0.410811 0.044444 0.043243
0 0.420370 0.662162 0.077778 0.081081
0 0.427778 0.735135 0.055556 0.064865
0 0.333333 0.762162 0.051852 0.054054
0 0.505556 0.591892 0.070370 0.081081
0 0.688889 0.554054 0.037037 0.059459
0 0.650000 0.386486 0.055556 0.081081
0 0.033333 0.497297 0.059259 0.086486
0 0.329630 0.029730 0.088889 0.048649
