0 0.348148 0.108108 0.118519 0.097297
0 0.409259 0.213514 0.114815 0.091892
0 0.629630 0.232432 0.125926 0.097297
0 0.792593 0.551351 0.133333 0.097297
0 0.801852 0.672973 0.107407 0.081081
0 0.581481 0.721622 0.125926 0.113514
0 0.450000 0.716216 0.137037 0.113514
0 0.377778 0.702703 0.059259 0.086486
0 0.201852 0.367568 0.129630 0.097297
0 0.281481 0.459459 0.096296 0.097297
0 0.487037 0.337838 0.129630 0.102703
0 0.577778 0.454054 0.118519 0.108108
0 0.281481 0.548649 0.111111 0.070270
0 0.131481 0.643243 0.033333 0.032432
0 0.118519 0.781081 0.037037 0.027027
0 0.200000 0.748649 0.029630 0.027027
