0 0.472222 0.270270 0.181481 0.302703
0 0.631481 0.740541 0.166667 0.205405
0 0.287037 0.948649 0.122222 0.102703
0 0.177778 0.870270 0.074074 0.118919
0 0.103704 0.843243 0.037037 0.043243
0 0.105556 0.913514 0.033333 0.043243
0 0.966667 0.786486 0.066667 0.113514
0 0.929630 0.954054 0.133333 0.081081
0 0.353704 0.770270 0.040741 0.048649
0 0.400000 0.843243 0.051852 0.075676
0 0.464815 0.843243 0.033333 0.043243
0 0.474074 0.945946 0.029630 0.054054
0 0.359259 0.559459 0.162963 0.264865
0 0.507407 0.510811 0.192593 0.297297
0 0.755556 0.872973 0.044444 0.070270
0 0.559259 0.848649 0.074074 0.064865
0 0.440741 0.913514 0.037037 0.054054
0 0.664815 0.451351 0.055556 0.102703
0 0.225926 0.770270 0.029630 0.059459
0 0.442593 0.821622 0.025926 0.043243
0 0.559259 0.894595 0.029630 0.037838
