0 0.150000 0.132432 0.077778 0.102703
0 0.188889 0.497297 0.266667 0.367568
0 0.807407 0.527027 0.266667 0.372973
0 0.518519 0.516216 0.170370 0.232432
0 0.587037 0.721622 0.196296 0.254054
0 0.368519 0.535135 0.129630 0.248649
0 0.375926 0.300000 0.077778 0.081081
0 0.375926 0.762162 0.070370 0.086486
0 0.551852 0.032432 0.066667 0.054054
0 0.487037 0.064865 0.070370 0.075676
0 0.548148 0.105405 0.059259 0.059459
0 0.727778 0.300000 0.048148 0.070270
0 0.948148 0.227027 0.059259 0.075676
0 0.818519 0.189189 0.059259 0.075676
0 0.118519 0.221622 0.066667 0.075676
0 0.788889 0.297297 0.044444 0.086486
