0 0.538889 0.827027 0.048148 0.097297
0 0.466667 0.835135 0.051852 0.091892
0 0.527778 0.570270 0.070370 0.102703
0 0.462963 0.597297 0.066667 0.081081
0 0.518519 0.651351 0.081481 0.059459
0 0.292593 0.610811 0.059259 0.097297
0 0.412963 0.213514 0.062963 0.091892
0 0.359259 0.051351 0.059259 0.081081
0 0.235185 0.121622 0.040741 0.048649
0 0.298148 0.175676 0.055556 0.070270
0 0.475926 0.386486 0.077778 0.113514
0 0.400000 0.362162 0.066667 0.129730
0 0.379630 0.448649 0.062963 0.064865
0 0.418519 0.467568 0.037037 0.059459
0 0.427778 0.656757 0.040741 0.048649
0 0.842593 0.048649 0.025926 0.032432
0 0.824074 0.086486 0.033333 0.043243
0 0.896296 0.027027 0.037037 0.043243
