0 0.179630 0.378378 0.196296 0.216216
0 0.407407 0.202703 0.170370 0.221622
0 0.572222 0.264865 0.174074 0.205405
0 0.320370 0.586486 0.181481 0.210811
0 0.046296 0.948649 0.085185 0.102703
0 0.357407 0.813514 0.188889 0.221622
0 0.531481 0.524324 0.144444 0.205405
0 0.340741 0.324324 0.111111 0.064865
0 0.794444 0.889189 0.137037 0.167568
0 0.787037 0.540541 0.159259 0.151351
0 0.472222 0.689189 0.114815 0.113514
0 0.664815 0.054054 0.129630 0.097297
0 0.687037 0.170270 0.107407 0.102703
0 0.837037 0.178378 0.140741 0.118919
0 0.531481 0.975676 0.129630 0.048649
0 0.953704 0.681081 0.092593 0.118919
0 0.744444 0.397297 0.118519 0.113514
0 0.844444 0.337838 0.133333 0.091892
0 0.662963 0.700000 0.088889 0.091892
0 0.972222 0.916216 0.055556 0.145946
0 0.727778 0.978378 0.107407 0.043243
0 0.759259 0.724324 0.096296 0.140541
0 0.955556 0.494595 0.088889 0.124324
0 0.970370 0.832432 0.059259 0.108108
