0 0.270370 0.100000 0.051852 0.070270
0 0.592593 0.100000 0.051852 0.070270
0 0.542593 0.127027 0.040741 0.059459
0 0.637037 0.335135 0.051852 0.054054
0 0.462963 0.264865 0.051852 0.064865
0 0.340741 0.300000 0.051852 0.070270
0 0.248148 0.494595 0.044444 0.059459
0 0.116667 0.745946 0.055556 0.086486
0 0.122222 0.908108 0.051852 0.054054
0 0.046296 0.648649 0.055556 0.075676
0 0.103704 0.613514 0.051852 0.070270
0 0.072222 0.521622 0.062963 0.081081
0 0.120370 0.497297 0.048148 0.064865
0 0.200000 0.597297 0.029630 0.048649
0 0.024074 0.521622 0.033333 0.048649
0 0.477778 0.462162 0.029630 0.037838
0 0.207407 0.491892 0.037037 0.054054
