0 0.055556 0.194595 0.103704 0.140541
0 0.275926 0.435135 0.077778 0.091892
0 0.172222 0.456757 0.070370 0.081081
0 0.309259 0.672973 0.048148 0.048649
0 0.144444 0.843243 0.059259 0.075676
0 0.077778 0.764865 0.044444 0.037838
0 0.174074 0.659459 0.059259 0.064865
0 0.229630 0.670270 0.051852 0.064865
0 0.081481 0.456757 0.044444 0.059459
0 0.116667 0.964865 0.055556 0.070270
0 0.359259 0.743243 0.037037 0.048649
0 0.185185 0.524324 0.029630 0.032432
0 0.179630 0.581081 0.025926 0.037838
0 0.214815 0.589189 0.029630 0.032432
0 0.072222 0.605405 0.033333 0.032432
0 0.501852 0.391892 0.025926 0.037838
0 0.461111 0.397297 0.025926 0.037838
0 0.381481 0.810811 0.037037 0.054054
0 0.431481 0.429730 0.018519 0.016216
0 0.188889 0.959459 0.044444 0.037838
