0 0.192593 0.500000 0.274074 0.340541
0 0.533333 0.516216 0.170370 0.243243
0 0.601852 0.724324 0.196296 0.259459
0 0.820370 0.527027 0.270370 0.383784
0 0.170370 0.145946 0.103704 0.097297
0 0.131481 0.121622 0.062963 0.091892
0 0.381481 0.291892 0.074074 0.064865
0 0.379630 0.535135 0.137037 0.237838
0 0.555556 0.029730 0.059259 0.048649
0 0.485185 0.054054 0.051852 0.054054
0 0.557407 0.113514 0.055556 0.075676
0 0.766667 0.305405 0.088889 0.070270
0 0.955556 0.237838 0.081481 0.075676
0 0.118519 0.224324 0.074074 0.070270
0 0.422222 0.867568 0.051852 0.059459
0 0.016667 0.837838 0.025926 0.064865
0 0.385185 0.772973 0.074074 0.097297
