0 0.175926 0.378378 0.188889 0.216216
0 0.409259 0.205405 0.166667 0.216216
0 0.337037 0.340541 0.096296 0.108108
0 0.314815 0.586486 0.185185 0.210811
0 0.048148 0.951351 0.088889 0.097297
0 0.364815 0.816216 0.181481 0.227027
0 0.574074 0.270270 0.162963 0.205405
0 0.535185 0.524324 0.159259 0.205405
0 0.787037 0.543243 0.159259 0.167568
0 0.788889 0.889189 0.125926 0.167568
0 0.527778 0.975676 0.137037 0.048649
0 0.712963 0.975676 0.107407 0.048649
0 0.968519 0.910811 0.062963 0.178378
0 0.940741 0.681081 0.103704 0.129730
0 0.635185 0.529730 0.092593 0.140541
0 0.648148 0.051351 0.111111 0.091892
0 0.837037 0.189189 0.140741 0.118919
0 0.581481 0.648649 0.088889 0.086486
0 0.748148 0.732432 0.088889 0.145946
0 0.942593 0.489189 0.092593 0.102703
0 0.737037 0.418919 0.103704 0.081081
0 0.837037 0.343243 0.133333 0.091892
0 0.675926 0.197297 0.092593 0.113514
0 0.964815 0.800000 0.070370 0.075676
0 0.661111 0.710811 0.085185 0.113514
