0 0.020370 0.427027 0.033333 0.086486
0 0.079630 0.083784 0.040741 0.048649
0 0.129630 0.032432 0.044444 0.054054
0 0.175926 0.027027 0.033333 0.043243
0 0.259259 0.162162 0.066667 0.086486
0 0.296296 0.302703 0.074074 0.118919
0 0.238889 0.291892 0.040741 0.075676
0 0.281481 0.567568 0.051852 0.075676
0 0.414815 0.097297 0.029630 0.075676
0 0.518519 0.110811 0.081481 0.124324
0 0.433333 0.510811 0.081481 0.135135
0 0.453704 0.654054 0.085185 0.129730
0 0.509259 0.740541 0.077778 0.118919
0 0.670370 0.586486 0.081481 0.124324
0 0.498148 0.478378 0.070370 0.124324
0 0.629630 0.359459 0.066667 0.091892
0 0.718519 0.489189 0.074074 0.113514
0 0.900000 0.421622 0.074074 0.075676
0 0.950000 0.035135 0.062963 0.059459
0 0.559259 0.281081 0.066667 0.108108
0 0.425926 0.227027 0.037037 0.054054
0 0.429630 0.186486 0.029630 0.037838
0 0.896296 0.764865 0.066667 0.102703
0 0.970370 0.824324 0.059259 0.124324
0 0.966667 0.583784 0.066667 0.118919
0 0.872222 0.640541 0.048148 0.059459
0 0.703704 0.029730 0.066667 0.048649
0 0.748148 0.283784 0.074074 0.070270
0 0.627778 0.243243 0.040741 0.064865
0 0.396296 0.283784 0.037037 0.037838
0 0.968519 0.986486 0.033333 0.027027
0 0.922222 0.259459 0.037037 0.043243
