0 0.133333 0.078378 0.103704 0.135135
0 0.488889 0.497297 0.192593 0.302703
0 0.690741 0.472973 0.203704 0.318919
0 0.750000 0.767568 0.188889 0.270270
0 0.357407 0.343243 0.062963 0.102703
0 0.025926 0.383784 0.044444 0.075676
0 0.414815 0.151351 0.059259 0.097297
0 0.551852 0.127027 0.051852 0.059459
0 0.774074 0.272973 0.059259 0.081081
0 0.022222 0.186486 0.037037 0.081081
0 0.116667 0.235135 0.077778 0.091892
0 0.275926 0.659459 0.040741 0.064865
0 0.548148 0.913514 0.059259 0.097297
0 0.866667 0.956757 0.074074 0.086486
0 0.170370 0.848649 0.051852 0.086486
0 0.244444 0.794595 0.044444 0.054054
0 0.190741 0.972973 0.040741 0.054054
0 0.037037 0.945946 0.051852 0.064865
0 0.092593 0.983784 0.029630 0.032432
0 0.090741 0.816216 0.033333 0.054054
0 0.033333 0.751351 0.029630 0.054054
0 0.490741 0.867568 0.040741 0.048649
0 0.544444 0.305405 0.059259 0.059459
0 0.196296 0.121622 0.051852 0.070270
0 0.018519 0.537838 0.029630 0.037838
0 0.364815 0.594595 0.033333 0.032432
0 0.500000 0.694595 0.037037 0.037838
0 0.601852 0.762162 0.025926 0.032432
0 0.625926 0.975676 0.066667 0.048649
0 0.946296 0.932432 0.033333 0.037838
