0 0.111111 0.194595 0.162963 0.118919
0 0.209259 0.343243 0.144444 0.102703
0 0.453704 0.481081 0.166667 0.118919
0 0.600000 0.632432 0.162963 0.129730
0 0.346296 0.524324 0.144444 0.097297
0 0.292593 0.610811 0.081481 0.054054
0 0.253704 0.572973 0.048148 0.054054
0 0.324074 0.694595 0.107407 0.091892
0 0.577778 0.916216 0.096296 0.102703
0 0.331481 0.837838 0.070370 0.064865
0 0.709259 0.970270 0.070370 0.059459
0 0.744444 0.327027 0.088889 0.059459
0 0.844444 0.354054 0.044444 0.059459
0 0.979630 0.391892 0.040741 0.037838
0 0.646296 0.932432 0.048148 0.059459
0 0.874074 0.432432 0.051852 0.064865
0 0.938889 0.394595 0.033333 0.054054
0 0.785185 0.981081 0.037037 0.037838
0 0.555556 0.567568 0.066667 0.043243
0 0.887037 0.362162 0.033333 0.043243
0 0.566667 0.286486 0.029630 0.043243
0 0.918519 0.800000 0.037037 0.043243
