0 0.155556 0.386486 0.162963 0.210811
0 0.275926 0.591892 0.159259 0.210811
0 0.042593 0.954054 0.077778 0.091892
0 0.316667 0.821622 0.159259 0.227027
0 0.344444 0.194595 0.148148 0.216216
0 0.494444 0.270270 0.144444 0.205405
0 0.459259 0.556757 0.133333 0.259459
0 0.272222 0.327027 0.048148 0.070270
0 0.320370 0.345946 0.033333 0.043243
0 0.564815 0.054054 0.100000 0.097297
0 0.594444 0.175676 0.107407 0.091892
0 0.722222 0.172973 0.118519 0.108108
0 0.681481 0.886486 0.111111 0.162162
0 0.451852 0.975676 0.103704 0.048649
0 0.881481 0.916216 0.140741 0.167568
0 0.620370 0.972973 0.092593 0.054054
0 0.937037 0.608108 0.118519 0.156757
0 0.677778 0.545946 0.125926 0.162162
0 0.555556 0.527027 0.096296 0.156757
0 0.501852 0.659459 0.062963 0.075676
0 0.407407 0.532432 0.111111 0.156757
0 0.818519 0.683784 0.088889 0.124324
0 0.837037 0.483784 0.118519 0.102703
0 0.638889 0.400000 0.092593 0.108108
0 0.716667 0.343243 0.122222 0.091892
0 0.957407 0.332432 0.085185 0.113514
0 0.920370 0.751351 0.077778 0.075676
0 0.846296 0.805405 0.085185 0.064865
0 0.951852 0.840541 0.096296 0.102703
0 0.975926 0.945946 0.048148 0.097297
0 0.572222 0.718919 0.062963 0.108108
0 0.653704 0.724324 0.077778 0.151351
