0 0.148148 0.221622 0.148148 0.129730
0 0.855556 0.427027 0.177778 0.151351
0 0.440741 0.910811 0.118519 0.091892
0 0.283333 0.705405 0.151852 0.124324
0 0.122222 0.654054 0.170370 0.140541
0 0.072222 0.789189 0.137037 0.129730
0 0.264815 0.881081 0.137037 0.129730
0 0.214815 0.818919 0.088889 0.091892
0 0.109259 0.864865 0.085185 0.075676
0 0.788889 0.535135 0.177778 0.129730
0 0.751852 0.645946 0.148148 0.113514
0 0.638889 0.832432 0.062963 0.064865
0 0.935185 0.951351 0.092593 0.086486
0 0.398148 0.800000 0.129630 0.097297
0 0.155556 0.345946 0.125926 0.097297
0 0.311111 0.418919 0.162963 0.135135
0 0.529630 0.505405 0.125926 0.102703
0 0.655556 0.521622 0.096296 0.124324
0 0.775926 0.932432 0.062963 0.037838
0 0.046296 0.237838 0.062963 0.064865
0 0.437037 0.981081 0.081481 0.037838
