0 0.479630 0.221622 0.107407 0.151351
0 0.266667 0.310811 0.096296 0.178378
0 0.212963 0.540541 0.092593 0.172973
0 0.270370 0.629730 0.081481 0.167568
0 0.570370 0.564865 0.118519 0.178378
0 0.644444 0.913514 0.103704 0.172973
0 0.340741 0.575676 0.081481 0.156757
0 0.422222 0.610811 0.111111 0.151351
0 0.457407 0.756757 0.137037 0.151351
0 0.642593 0.662162 0.107407 0.178378
0 0.757407 0.618919 0.092593 0.135135
0 0.844444 0.554054 0.081481 0.124324
0 0.820370 0.683784 0.077778 0.124324
0 0.722222 0.740541 0.074074 0.075676
