0 0.092593 0.197297 0.177778 0.113514
0 0.194444 0.343243 0.151852 0.091892
0 0.607407 0.632432 0.170370 0.108108
0 0.448148 0.483784 0.170370 0.113514
0 0.346296 0.527027 0.129630 0.091892
0 0.268519 0.516216 0.077778 0.059459
0 0.575926 0.916216 0.107407 0.091892
0 0.735185 0.964865 0.070370 0.070270
0 0.750000 0.321622 0.077778 0.059459
0 0.888889 0.354054 0.066667 0.059459
0 0.898148 0.432432 0.062963 0.064865
0 0.962963 0.397297 0.044444 0.048649
0 0.309259 0.694595 0.122222 0.091892
0 0.318519 0.832432 0.074074 0.054054
0 0.287037 0.613514 0.077778 0.048649
0 0.240741 0.575676 0.059259 0.048649
0 0.659259 0.935135 0.051852 0.064865
