0 0.179630 0.289189 0.114815 0.124324
0 0.183333 0.416216 0.100000 0.108108
0 0.035185 0.494595 0.062963 0.070270
0 0.257407 0.586486 0.092593 0.102703
0 0.357407 0.521622 0.085185 0.113514
0 0.470370 0.491892 0.088889 0.108108
0 0.605556 0.429730 0.092593 0.113514
0 0.444444 0.659459 0.074074 0.075676
0 0.244444 0.816216 0.059259 0.064865
0 0.207407 0.589189 0.059259 0.097297
0 0.603704 0.948649 0.044444 0.048649
0 0.355556 0.756757 0.044444 0.054054
0 0.529630 0.586486 0.074074 0.081081
0 0.453704 0.737838 0.055556 0.070270
0 0.412963 0.727027 0.025926 0.048649
0 0.633333 0.600000 0.088889 0.108108
0 0.770370 0.054054 0.066667 0.075676
0 0.933333 0.197297 0.081481 0.102703
0 0.964815 0.032432 0.070370 0.054054
0 0.720370 0.559459 0.040741 0.059459
0 0.685185 0.391892 0.037037 0.059459
0 0.722222 0.435135 0.044444 0.048649
0 0.472222 0.383784 0.040741 0.043243
