0 0.170370 0.045946 0.140741 0.081081
0 0.072222 0.632432 0.137037 0.205405
0 0.116667 0.735135 0.077778 0.054054
0 0.379630 0.910811 0.107407 0.156757
0 0.283333 0.756757 0.100000 0.129730
0 0.203704 0.608108 0.103704 0.156757
0 0.570370 0.197297 0.125926 0.200000
0 0.407407 0.286486 0.148148 0.162162
0 0.301852 0.478378 0.107407 0.210811
0 0.424074 0.491892 0.137037 0.216216
0 0.542593 0.427027 0.122222 0.194595
0 0.431481 0.708108 0.070370 0.097297
0 0.661111 0.237838 0.062963 0.075676
0 0.824074 0.148649 0.048148 0.037838
0 0.738889 0.172973 0.055556 0.054054
0 0.892593 0.186486 0.059259 0.059459
0 0.505556 0.721622 0.055556 0.070270
0 0.351852 0.737838 0.051852 0.070270
0 0.762963 0.254054 0.059259 0.054054
0 0.764815 0.310811 0.048148 0.048649
0 0.979630 0.178378 0.040741 0.054054
0 0.644444 0.164865 0.037037 0.048649
