0 0.396296 0.208108 0.088889 0.091892
0 0.568519 0.197297 0.137037 0.113514
0 0.477778 0.243243 0.088889 0.097297
0 0.231481 0.505405 0.114815 0.102703
0 0.307407 0.472973 0.088889 0.070270
0 0.407407 0.494595 0.103704 0.102703
0 0.483333 0.497297 0.077778 0.086486
0 0.672222 0.408108 0.151852 0.102703
0 0.585185 0.356757 0.096296 0.064865
0 0.472222 0.356757 0.085185 0.064865
0 0.757407 0.478378 0.122222 0.102703
0 0.666667 0.321622 0.088889 0.070270
0 0.566667 0.516216 0.051852 0.081081
0 0.205556 0.567568 0.077778 0.075676
