0 0.281481 0.778378 0.148148 0.205405
0 0.251852 0.462162 0.133333 0.167568
0 0.224074 0.197297 0.100000 0.124324
0 0.309259 0.048649 0.137037 0.086486
0 0.453704 0.108108 0.151852 0.205405
0 0.548148 0.608108 0.170370 0.232432
0 0.583333 0.072973 0.122222 0.135135
0 0.812963 0.148649 0.166667 0.286486
0 0.661111 0.216216 0.137037 0.194595
0 0.903704 0.602703 0.162963 0.210811
0 0.724074 0.713514 0.166667 0.237838
0 0.905556 0.827027 0.174074 0.216216
0 0.531481 0.770270 0.114815 0.135135
0 0.668519 0.024324 0.122222 0.037838
0 0.690741 0.116216 0.114815 0.145946
0 0.437037 0.348649 0.118519 0.167568
0 0.109259 0.940541 0.040741 0.054054
0 0.400000 0.781081 0.074074 0.102703
0 0.940741 0.178378 0.118519 0.205405
