0 0.200000 0.086486 0.096296 0.118919
0 0.292593 0.072973 0.088889 0.102703
0 0.085185 0.291892 0.081481 0.097297
0 0.262963 0.472973 0.096296 0.102703
0 0.211111 0.551351 0.081481 0.108108
0 0.114815 0.591892 0.088889 0.102703
0 0.100000 0.745946 0.081481 0.086486
0 0.148148 0.840541 0.103704 0.113514
0 0.250000 0.805405 0.048148 0.043243
0 0.531481 0.735135 0.085185 0.118919
0 0.620370 0.751351 0.085185 0.108108
0 0.687037 0.389189 0.085185 0.097297
0 0.688889 0.491892 0.088889 0.097297
0 0.881481 0.748649 0.044444 0.048649
0 0.911111 0.862162 0.037037 0.059459
0 0.766667 0.224324 0.074074 0.091892
0 0.716667 0.297297 0.070370 0.086486
