0 0.031481 0.083784 0.055556 0.102703
0 0.103704 0.175676 0.059259 0.091892
0 0.098148 0.437838 0.062963 0.075676
0 0.333333 0.064865 0.096296 0.118919
0 0.381481 0.227027 0.088889 0.129730
0 0.283333 0.275676 0.025926 0.043243
0 0.957407 0.148649 0.085185 0.135135
0 0.451852 0.237838 0.051852 0.086486
0 0.562963 0.310811 0.088889 0.113514
0 0.651852 0.386486 0.081481 0.124324
0 0.768519 0.340541 0.070370 0.108108
0 0.903704 0.524324 0.081481 0.129730
0 0.962963 0.581081 0.074074 0.102703
0 0.951852 0.735135 0.037037 0.043243
0 0.566667 0.602703 0.066667 0.091892
0 0.490741 0.443243 0.062963 0.086486
0 0.405556 0.337838 0.070370 0.091892
0 0.340741 0.494595 0.051852 0.070270
0 0.498148 0.510811 0.040741 0.027027
0 0.320370 0.751351 0.070370 0.108108
0 0.224074 0.683784 0.062963 0.070270
0 0.131481 0.697297 0.048148 0.064865
0 0.031481 0.770270 0.040741 0.048649
0 0.212963 0.800000 0.048148 0.054054
0 0.218519 0.859459 0.051852 0.054054
0 0.296296 0.843243 0.066667 0.097297
0 0.620370 0.810811 0.070370 0.086486
0 0.396296 0.694595 0.051852 0.048649
0 0.559259 0.848649 0.044444 0.075676
0 0.009259 0.524324 0.011111 0.054054
0 0.044444 0.983784 0.051852 0.032432
0 0.164815 0.959459 0.040741 0.048649
0 0.246296 0.959459 0.055556 0.081081
0 0.309259 0.978378 0.048148 0.043243
0 0.398148 0.770270 0.033333 0.048649
0 0.716667 0.981081 0.055556 0.037838
0 0.987037 0.970270 0.025926 0.059459
0 0.559259 0.675676 0.051852 0.054054
0 0.544444 0.764865 0.029630 0.037838
0 0.048148 0.283784 0.037037 0.037838
0 0.016667 0.278378 0.025926 0.037838
0 0.025926 0.429730 0.037037 0.037838
0 0.457407 0.662162 0.033333 0.037838
0 0.414815 0.818919 0.022222 0.027027
0 0.362963 0.564865 0.029630 0.037838
0 0.883333 0.648649 0.025926 0.043243
0 0.827778 0.472973 0.025926 0.037838
0 0.709259 0.010811 0.070370 0.010811
