0 0.570370 0.086486 0.140741 0.162162
0 0.311111 0.810811 0.162963 0.227027
0 0.183333 0.897297 0.159259 0.194595
0 0.896296 0.397297 0.155556 0.221622
0 0.851852 0.594595 0.140741 0.227027
0 0.518519 0.329730 0.148148 0.205405
0 0.120370 0.556757 0.129630 0.183784
0 0.561111 0.516216 0.144444 0.145946
0 0.740741 0.675676 0.140741 0.227027
0 0.962963 0.243243 0.074074 0.172973
0 0.266667 0.537838 0.140741 0.178378
0 0.300000 0.202703 0.103704 0.059459
0 0.494444 0.189189 0.040741 0.043243
0 0.111111 0.175676 0.037037 0.048649
0 0.731481 0.402703 0.144444 0.135135
