0 0.094444 0.070270 0.181481 0.129730
0 0.109259 0.218919 0.188889 0.135135
0 0.053704 0.648649 0.100000 0.172973
0 0.174074 0.708108 0.207407 0.129730
0 0.079630 0.827027 0.151852 0.129730
0 0.238889 0.840541 0.159259 0.124324
0 0.279630 0.356757 0.270370 0.205405
0 0.370370 0.027027 0.266667 0.043243
0 0.655556 0.108108 0.407407 0.194595
0 0.574074 0.364865 0.370370 0.243243
0 0.822222 0.289189 0.177778 0.178378
0 0.470370 0.597297 0.377778 0.232432
0 0.533333 0.797297 0.318519 0.178378
0 0.816667 0.502703 0.307407 0.205405
0 0.446296 0.921622 0.240741 0.156757
0 0.688889 0.967568 0.229630 0.064865
0 0.772222 0.754054 0.203704 0.189189
0 0.092593 0.964865 0.177778 0.070270
